[[1,409],
[2,409],
[3,920],
[4,512],
[5,291],
[6,256],
[7,329],
[8,157],
[9,298],
[10,213],
[11,405],
[12,113],
[13,614],
[14,479],
[15,1905],
[16,3009],
[17,2381],
[18,2453],
[19,1545],
[20,646],
[21,681],
[22,1067],
[23,867],
[24,370],
[25,210],
[26,550],
[27,734],
[28,588],
[29,520],
[30,95],
[31,126],
[32,66],
[33,482],
[34,8610],
[35,11829],
[36,2186],
[37,679],
[38,1019],
[39,1137],
[40,386],
[41,562],
[42,648],
[43,474],
[44,577],
[45,348],
[46,302],
[47,265],
[48,277],
[49,340],
[50,1021],
[51,1410],
[52,308],
[53,1114],
[54,819],
[55,528],
[56,830],
[57,560],
[58,461],
[59,218],
[60,777],
[61,524],
[62,829],
[63,669],
[64,729],
[65,494],
[66,485],
[67,342],
[68,2556],
[69,14246],
[70,9919],
[71,422],
[72,436],
[73,163],
[74,559],
[75,564],
[76,129],
[77,518],
[78,434],
[79,170],
[80,135],
[81,295],
[82,762],
[83,672],
[84,656],
[85,1582],
[86,2938],
[87,2694],
[88,1117],
[89,734],
[90,926],
[91,1071],
[92,898],
[93,521],
[94,346],
[95,390],
[96,1180],
[97,846],
[98,1177],
[99,929],
[100,1722],
[101,4091],
[102,247],
[103,85552],
[104,184674],
[105,72603],
[106,498],
[107,3253],
[108,1270],
[109,720],
[110,986],
[111,1376],
[112,890],
[113,745],
[114,221],
[115,609],
[116,633],
[117,629],
[118,212],
[119,1403],
[120,2005],
[121,1116],
[122,1452],
[123,1867],
[124,979],
[125,594],
[126,1195],
[127,658],
[128,317],
[129,430],
[130,445],
[131,264],
[132,493],
[133,161],
[134,486],
[135,378],
[136,378],
[137,409],
[138,2002],
[139,2692],
[140,963],
[141,331],
[142,684],
[143,803],
[144,561],
[145,508],
[146,432],
[147,160],
[148,301],
[149,294],
[150,149],
[151,229],
[152,176],
[153,437],
[154,1530],
[155,1032],
[156,710],
[157,1655],
[158,2260],
[159,1263],
[160,958],
[161,536],
[162,612],
[163,520],
[164,205],
[165,482],
[166,244],
[167,270],
[168,294],
[169,191],
[170,296],
[171,207],
[172,955],
[173,3985],
[174,2770],
[175,122],
[176,524],
[177,613],
[178,547],
[179,654],
[180,638],
[181,625],
[182,156],
[183,194],
[184,347],
[185,871],
[186,1162],
[187,677],
[188,550],
[189,1422],
[190,1790],
[191,961],
[192,883],
[193,1077],
[194,944],
[195,954],
[196,866],
[197,728],
[198,441],
[199,516],
[200,607],
[201,573],
[202,707],
[203,491],
[204,1041],
[205,2346],
[206,348],
[207,23435],
[208,45902],
[209,16783],
[210,252],
[211,1502],
[212,664],
[213,400],
[214,798],
[215,981],
[216,391],
[217,739],
[218,246],
[219,435],
[220,673],
[221,633],
[222,269],
[223,393],
[224,216],
[225,298],
[226,766],
[227,1896],
[228,860],
[229,296],
[230,719],
[231,169],
[232,140],
[233,359],
[234,609],
[235,483],
[236,410],
[237,155],
[238,376],
[239,243],
[240,251],
[241,838],
[242,3880],
[243,4322],
[244,991],
[245,465],
[246,524],
[247,453],
[248,705],
[249,646],
[250,589],
[251,214],
[252,322],
[253,257],
[254,288],
[255,107],
[256,453],
[257,501],
[258,1386],
[259,919],
[260,653],
[261,2761],
[262,3433],
[263,699],
[264,612],
[265,635],
[266,727],
[267,690],
[268,723],
[269,815],
[270,628],
[271,182],
[272,556],
[273,757],
[274,576],
[275,464],
[276,233],
[277,1414],
[278,897],
[279,70],
[280,671],
[281,904],
[282,759],
[283,121],
[284,177],
[285,243],
[286,260],
[287,273],
[288,388],
[289,404],
[290,192],
[291,437],
[292,388],
[293,1474],
[294,511],
[295,1846],
[296,6566],
[297,4779],
[298,947],
[299,251],
[300,99],
[301,247],
[302,180],
[303,654],
[304,462],
[305,194],
[306,44],
[307,263],
[308,293],
[309,961],
[310,195],
[311,10237],
[312,19208],
[313,6398],
[314,443],
[315,1229],
[316,420],
[317,841],
[318,963],
[319,598],
[320,565],
[321,249],
[322,332],
[323,250],
[324,547],
[325,577],
[326,205],
[327,563],
[328,656],
[329,307],
[330,1138],
[331,1948],
[332,554],
[333,497],
[334,167],
[335,456],
[336,383],
[337,228],
[338,115],
[339,266],
[340,208],
[341,214],
[342,391],
[343,171],
[344,236],
[345,1249],
[346,7777],
[347,7972],
[348,1068],
[349,1246],
[350,1525],
[351,1159],
[352,131],
[353,393],
[354,359],
[355,56],
[356,298],
[357,329],
[358,355],
[359,258],
[360,313],
[361,303],
[362,432],
[363,503],
[364,346],
[365,1320],
[366,1144],
[367,317],
[368,720],
[369,478],
[370,438],
[371,440],
[372,378],
[373,111],
[374,240],
[375,208],
[376,386],
[377,345],
[378,22],
[379,308],
[380,1668],
[381,4222],
[382,2666],
[383,315],
[384,934],
[385,676],
[386,379],
[387,693],
[388,977],
[389,583],
[390,232],
[391,256],
[392,359],
[393,555],
[394,308],
[395,349],
[396,522],
[397,1031],
[398,360],
[399,1438],
[400,4427],
[401,2833],
[402,212],
[403,321],
[404,175],
[405,421],
[406,348],
[407,547],
[408,310],
[409,135],
[410,376],
[411,449],
[412,308],
[413,884],
[414,83],
[415,4374],
[416,7551],
[417,2157],
[418,456],
[419,972],
[420,714],
[421,728],
[422,314],
[423,261],
[424,164],
[425,345],
[426,485],
[427,250],
[428,197],
[429,363],
[430,84],
[431,1079],
[432,1465],
[433,465],
[434,2962],
[435,4900],
[436,1491],
[437,341],
[438,625],
[439,530],
[440,301],
[441,192],
[442,349],
[443,459],
[444,291],
[445,25],
[446,422],
[447,254],
[448,231],
[449,994],
[450,5840],
[451,5814],
[452,861],
[453,1294],
[454,1554],
[455,1330],
[456,632],
[457,274],
[458,306],
[459,86],
[460,84],
[461,105],
[462,215],
[463,375],
[464,568],
[465,497],
[466,487],
[467,739],
[468,34],
[469,928],
[470,783],
[471,45],
[472,257],
[473,213],
[474,307],
[475,314],
[476,589],
[477,285],
[478,189],
[479,259],
[480,236],
[481,325],
[482,702],
[483,402],
[484,2574],
[485,7543],
[486,4487],
[487,586],
[488,1399],
[489,779],
[490,127],
[491,471],
[492,553],
[493,327],
[494,287],
[495,640],
[496,154],
[497,480],
[498,606],
[499,395],
[500,783],
[501,656],
[502,635],
[503,1348],
[504,3987],
[505,2809],
[506,215],
[507,323],
[508,452],
[509,160],
[510,220],
[511,367],
[512,202],
[513,367],
[514,220],
[515,160],
[516,452],
[517,323],
[518,215],
[519,2809],
[520,3987],
[521,1348],
[522,635],
[523,656],
[524,783],
[525,395],
[526,606],
[527,480],
[528,154],
[529,640],
[530,287],
[531,327],
[532,553],
[533,471],
[534,127],
[535,779],
[536,1399],
[537,586],
[538,4487],
[539,7543],
[540,2574],
[541,402],
[542,702],
[543,325],
[544,236],
[545,259],
[546,189],
[547,285],
[548,589],
[549,314],
[550,307],
[551,213],
[552,257],
[553,45],
[554,783],
[555,928],
[556,34],
[557,739],
[558,487],
[559,497],
[560,568],
[561,375],
[562,215],
[563,105],
[564,84],
[565,86],
[566,306],
[567,274],
[568,632],
[569,1330],
[570,1554],
[571,1294],
[572,861],
[573,5814],
[574,5840],
[575,994],
[576,231],
[577,254],
[578,422],
[579,25],
[580,291],
[581,459],
[582,349],
[583,192],
[584,301],
[585,530],
[586,625],
[587,341],
[588,1491],
[589,4900],
[590,2962],
[591,465],
[592,1465],
[593,1079],
[594,84],
[595,363],
[596,197],
[597,250],
[598,485],
[599,345],
[600,164],
[601,261],
[602,314],
[603,728],
[604,714],
[605,972],
[606,456],
[607,2157],
[608,7551],
[609,4374],
[610,83],
[611,884],
[612,308],
[613,449],
[614,376],
[615,135],
[616,310],
[617,547],
[618,348],
[619,421],
[620,175],
[621,321],
[622,212],
[623,2833],
[624,4427],
[625,1438],
[626,360],
[627,1031],
[628,522],
[629,349],
[630,308],
[631,555],
[632,359],
[633,256],
[634,232],
[635,583],
[636,977],
[637,693],
[638,379],
[639,676],
[640,934],
[641,315],
[642,2666],
[643,4222],
[644,1668],
[645,308],
[646,22],
[647,345],
[648,386],
[649,208],
[650,240],
[651,111],
[652,378],
[653,440],
[654,438],
[655,478],
[656,720],
[657,317],
[658,1144],
[659,1320],
[660,346],
[661,503],
[662,432],
[663,303],
[664,313],
[665,258],
[666,355],
[667,329],
[668,298],
[669,56],
[670,359],
[671,393],
[672,131],
[673,1159],
[674,1525],
[675,1246],
[676,1068],
[677,7972],
[678,7777],
[679,1249],
[680,236],
[681,171],
[682,391],
[683,214],
[684,208],
[685,266],
[686,115],
[687,228],
[688,383],
[689,456],
[690,167],
[691,497],
[692,554],
[693,1948],
[694,1138],
[695,307],
[696,656],
[697,563],
[698,205],
[699,577],
[700,547],
[701,250],
[702,332],
[703,249],
[704,565],
[705,598],
[706,963],
[707,841],
[708,420],
[709,1229],
[710,443],
[711,6398],
[712,19208],
[713,10237],
[714,195],
[715,961],
[716,293],
[717,263],
[718,44],
[719,194],
[720,462],
[721,654],
[722,180],
[723,247],
[724,99],
[725,251],
[726,947],
[727,4779],
[728,6566],
[729,1846],
[730,511],
[731,1474],
[732,388],
[733,437],
[734,192],
[735,404],
[736,388],
[737,273],
[738,260],
[739,243],
[740,177],
[741,121],
[742,759],
[743,904],
[744,671],
[745,70],
[746,897],
[747,1414],
[748,233],
[749,464],
[750,576],
[751,757],
[752,556],
[753,182],
[754,628],
[755,815],
[756,723],
[757,690],
[758,727],
[759,635],
[760,612],
[761,699],
[762,3433],
[763,2761],
[764,653],
[765,919],
[766,1386],
[767,501],
[768,453],
[769,107],
[770,288],
[771,257],
[772,322],
[773,214],
[774,589],
[775,646],
[776,705],
[777,453],
[778,524],
[779,465],
[780,991],
[781,4322],
[782,3880],
[783,838],
[784,251],
[785,243],
[786,376],
[787,155],
[788,410],
[789,483],
[790,609],
[791,359],
[792,140],
[793,169],
[794,719],
[795,296],
[796,860],
[797,1896],
[798,766],
[799,298],
[800,216],
[801,393],
[802,269],
[803,633],
[804,673],
[805,435],
[806,246],
[807,739],
[808,391],
[809,981],
[810,798],
[811,400],
[812,664],
[813,1502],
[814,252],
[815,16783],
[816,45902],
[817,23435],
[818,348],
[819,2346],
[820,1041],
[821,491],
[822,707],
[823,573],
[824,607],
[825,516],
[826,441],
[827,728],
[828,866],
[829,954],
[830,944],
[831,1077],
[832,883],
[833,961],
[834,1790],
[835,1422],
[836,550],
[837,677],
[838,1162],
[839,871],
[840,347],
[841,194],
[842,156],
[843,625],
[844,638],
[845,654],
[846,547],
[847,613],
[848,524],
[849,122],
[850,2770],
[851,3985],
[852,955],
[853,207],
[854,296],
[855,191],
[856,294],
[857,270],
[858,244],
[859,482],
[860,205],
[861,520],
[862,612],
[863,536],
[864,958],
[865,1263],
[866,2260],
[867,1655],
[868,710],
[869,1032],
[870,1530],
[871,437],
[872,176],
[873,229],
[874,149],
[875,294],
[876,301],
[877,160],
[878,432],
[879,508],
[880,561],
[881,803],
[882,684],
[883,331],
[884,963],
[885,2692],
[886,2002],
[887,409],
[888,378],
[889,378],
[890,486],
[891,161],
[892,493],
[893,264],
[894,445],
[895,430],
[896,317],
[897,658],
[898,1195],
[899,594],
[900,979],
[901,1867],
[902,1452],
[903,1116],
[904,2005],
[905,1403],
[906,212],
[907,629],
[908,633],
[909,609],
[910,221],
[911,745],
[912,890],
[913,1376],
[914,986],
[915,720],
[916,1270],
[917,3253],
[918,498],
[919,72603],
[920,184674],
[921,85552],
[922,247],
[923,4091],
[924,1722],
[925,929],
[926,1177],
[927,846],
[928,1180],
[929,390],
[930,346],
[931,521],
[932,898],
[933,1071],
[934,926],
[935,734],
[936,1117],
[937,2694],
[938,2938],
[939,1582],
[940,656],
[941,672],
[942,762],
[943,295],
[944,135],
[945,170],
[946,434],
[947,518],
[948,129],
[949,564],
[950,559],
[951,163],
[952,436],
[953,422],
[954,9919],
[955,14246],
[956,2556],
[957,342],
[958,485],
[959,494],
[960,729],
[961,669],
[962,829],
[963,524],
[964,777],
[965,218],
[966,461],
[967,560],
[968,830],
[969,528],
[970,819],
[971,1114],
[972,308],
[973,1410],
[974,1021],
[975,340],
[976,277],
[977,265],
[978,302],
[979,348],
[980,577],
[981,474],
[982,648],
[983,562],
[984,386],
[985,1137],
[986,1019],
[987,679],
[988,2186],
[989,11829],
[990,8610],
[991,482],
[992,66],
[993,126],
[994,95],
[995,520],
[996,588],
[997,734],
[998,550],
[999,210],
[1000,370],
[1001,867],
[1002,1067],
[1003,681],
[1004,646],
[1005,1545],
[1006,2453],
[1007,2381],
[1008,3009],
[1009,1905],
[1010,479],
[1011,614],
[1012,113],
[1013,405],
[1014,213],
[1015,298],
[1016,157],
[1017,329],
[1018,256],
[1019,291],
[1020,512],
[1021,920],
[1022,409],
[1023,409]]
